
+34670811965
+34670606151
+34670610727
+34670808069
+34670917949
+34670811732
+34670805735
+34670804970
+34670906817
+34670915478
+34670808584
+34670617336
+34670902294
+34670817869
+34670806419
+34670807866
+34670614323
+34670613591
+34670885234
+34670806679
+34670887881
+34670901145
+34670618221
+34670912368
+34670613474
+34670901521
+34670605690
+34670612500
+34670605882
+34670819247
+34670915703
+34670810789
+34670615058
+34670606079
+34670919858
+34670882157
+34670886292
+34670903654
+34670815678
+34670880962
+34670601089
+34670881924
+34670908059
+34670612618
+34670910382
+34670604485
+34670883950
+34670914284
+34670909667
+34670802755
+34670610761
+34670805878
+34670605017
+34670817339
+34670906930
+34670608640
+34670912353
+34670612588
+34670600137
+34670884683
+34670902816
+34670814310
+34670614591
+34670600098
+34670601660
+34670886601
+34670913267
+34670614724
+34670805509
+34670917985
+34670612190
+34670603290
+34670903218
+34670880210
+34670814270
+34670610495
+34670800487
+34670815195
+34670804388
+34670804906
+34670918355
+34670812493
+34670617344
+34670618136
+34670911390
+34670888860
+34670814210
+34670914784
+34670882401
+34670810887
+34670803825
+34670907785
+34670814260
+34670914300
+34670813932
+34670602539
+34670611589
+34670811948
+34670888102
+34670806815
+34670611184
+34670608421
+34670610094
+34670911038
+34670888251
+34670800544
+34670888650
+34670809731
+34670601568
+34670802646
+34670611268
+34670608697
+34670912674
+34670915237
+34670885942
+34670809081
+34670888043
+34670809629
+34670909806
+34670884686
+34670603475
+34670887485
+34670616890
+34670603760
+34670601305
+34670886709
+34670802680
+34670885183
+34670619030
+34670611634
+34670907067
+34670811370
+34670884353
+34670608150
+34670819925
+34670905432
+34670909812
+34670612861
+34670600601
+34670600352
+34670906120
+34670902625
+34670885244
+34670911479
+34670601370
+34670914605
+34670816056
+34670902916
+34670810898
+34670907231
+34670816977
+34670610507
+34670887993
+34670803798
+34670804160
+34670888243
+34670801307
+34670885875
+34670806685
+34670609202
+34670618219
+34670811089
+34670800582
+34670816989
+34670818893
+34670811297
+34670901772
+34670882284
+34670604168
+34670613611
+34670607629
+34670900018
+34670614347
+34670600011
+34670882788
+34670611769
+34670887468
+34670813979
+34670908423
+34670613371
+34670619595
+34670911376
+34670800096
+34670802908
+34670812984
+34670802844
+34670910497
+34670881939
+34670611094
+34670803899
+34670614311
+34670604739
+34670814531
+34670918580
+34670600431
+34670814123
+34670804058
+34670807905
+34670801741
+34670900672
+34670880991
+34670605845
+34670919886
+34670810697
+34670910885
+34670902927
+34670807209
+34670606601
+34670904791
+34670609354
+34670889687
+34670812448
+34670911369
+34670819425
+34670907211
+34670613348
+34670608334
+34670813639
+34670609655
+34670807594
+34670900157
+34670906080
+34670807836
+34670908750
+34670914316
+34670804431
+34670910538
+34670814970
+34670610490
+34670919678
+34670817682
+34670817160
+34670803825
+34670913731
+34670816052
+34670800493
+34670914073
+34670607957
+34670612308
+34670801631
+34670615672
+34670816340
+34670601334
+34670883036
+34670603274
+34670917121
+34670888601
+34670911460
+34670613371
+34670804968
+34670800265
+34670603250
+34670816937
+34670910746
+34670604096
+34670610126
+34670888768
+34670800215
+34670814311
+34670813312
+34670616174
+34670909256
+34670806963
+34670886574
+34670619857
+34670909802
+34670619360
+34670803102
+34670801328
+34670616890
+34670801257
+34670909256
+34670818107
+34670910371
+34670609640
+34670601829
+34670803667
+34670901888
+34670607659
+34670885968
+34670806949
+34670817486
+34670613839
+34670619504
+34670806097
+34670817738
+34670602488
+34670885892
+34670608628
+34670909007
+34670900935
+34670618385
+34670885781
+34670882941
+34670880982
+34670607136
+34670819106
+34670618377
+34670886788
+34670803150
+34670905990
+34670810847
+34670902838
+34670808737
+34670903086
+34670607050
+34670887950
+34670813096
+34670819854
+34670619357
+34670904321
+34670913125
+34670600205
+34670908293

+34634226915
+34634225982
+34634464584
+34634771928
+34634414409
+34634770440
+34634468505
+34634220393
+34634418221
+34634413232
+34634419410
+34634770197
+34634467357
+34634413003
+34634465219
+34634465015
+34634778296
+34634225678
+34634468074
+34634773899
+34634554688
+34634416352
+34634224004
+34634410827
+34634220634
+34634776228
+34634228658
+34634419398
+34634778365
+34634777468
+34634778304
+34634550722
+34634465147
+34634223298
+34634464570
+34634121348
+34634461041
+34634123144
+34634017248
+34634225456
+34634128157
+34634771749
+34634122823
+34634462090
+34634417452
+34634416968
+34634556917
+34634469157
+34634015861
+34634467643
+34634463752
+34634226417
+34634467678
+34634220045
+34634779202
+34634222460
+34634419531
+34634222100
+34634418163
+34634552897
+34634552415
+34634556396
+34634227915
+34634775241
+34634014846
+34634554502
+34634123867
+34634552516
+34634412801
+34634013812
+34634415162
+34634016154
+34634777310
+34634414349
+34634776025
+34634552153
+34634222846
+34634226726
+34634222747
+34634467337
+34634460536
+34634124935
+34634222127
+34634419759
+34634551653
+34634017323
+34634225876
+34634412842
+34634460806
+34634122407
+34634412735
+34634413493
+34634778164
+34634221591
+34634126041
+34634227236
+34634415048
+34634220824
+34634770832
+34634558850
+34634460355
+34634418943
+34634461446
+34634013491
+34634771870
+34634410487
+34634016176
+34634222401
+34634227784
+34634412614
+34634559912
+34634220625
+34634222317
+34634778302
+34634412790
+34634777761
+34634414072
+34634777251
+34634462744
+34634129485
+34634413823
+34634554498
+34634468246
+34634415274
+34634225809
+34634558603
+34634419354
+34634556033
+34634414361
+34634417596
+34634419168
+34634013368
+34634220214
+34634229289
+34634460385
+34634770064
+34634558931
+34634551706
+34634018758
+34634559341
+34634554951
+34634220834
+34634223996
+34634770663
+34634559613
+34634227353
+34634226784
+34634122023
+34634460998
+34634412060
+34634551680
+34634466801
+34634415897
+34634228332
+34634553285
+34634221379
+34634018839
+34634776415
+34634418036
+34634220427
+34634223017
+34634015021
+34634463549
+34634550574
+34634229267
+34634127403
+34634557596
+34634414051
+34634413962
+34634413648
+34634461310
+34634417688
+34634772962
+34634125600
+34634223800
+34634418487
+34634552940
+34634224037
+34634411776
+34634126884
+34634558709
+34634778045
+34634558689
+34634772912
+34634223519
+34634460110
+34634418521
+34634223794
+34634123192
+34634227565
+34634229403
+34634466123
+34634550597
+34634222143
+34634778407
+34634551674
+34634419043
+34634555988
+34634776843
+34634221825
+34634227621
+34634468732
+34634463385
+34634779953
+34634127941
+34634223247
+34634017213
+34634410407
+34634551275
+34634776764
+34634557244
+34634410326
+34634770369
+34634770470
+34634010952
+34634558635
+34634413116
+34634555244
+34634559370
+34634462712
+34634227078
+34634010591
+34634127170
+34634772990
+34634411133
+34634467891
+34634461606
+34634556519
+34634227411
+34634771088
+34634462764
+34634410657
+34634410395
+34634559941
+34634410039
+34634770720
+34634120816
+34634550312
+34634220898
+34634418590
+34634468739
+34634553574
+34634462894
+34634228147
+34634772748
+34634412246
+34634419287
+34634220411
+34634770417
+34634775433
+34634417142
+34634777530
+34634010914
+34634011398
+34634555778
+34634559670
+34634019952
+34634013764
+34634460794
+34634123346
+34634557369
+34634555817
+34634220973
+34634220307
+34634011066
+34634415693
+34634774000
+34634129734
+34634558928
+34634552368
+34634467023
+34634124520
+34634413014
+34634468196
+34634778026
+34634773590
+34634222463
+34634771223
+34634414005
+34634779806
+34634419821
+34634777123
+34634771612
+34634412675
+34634555226
+34634226653
+34634466144
+34634461798
+34634416207
+34634552669
+34634013497
+34634016972
+34634771174
+34634223863
+34634554998
+34634553645
+34634464955
+34634223199
+34634463402
+34634464967
+34634463847
+34634773639
+34634555793
+34634552009
+34634779593
+34634468198
+34634226551
+34634468137
+34634122903
+34634469324
+34634464075
+34634775791
+34634417389
+34634412687

+34635447939
+34635446173
+34635439845
+34635439142
+34635008053
+34635445786
+34635425406
+34635434482
+34635883341
+34635444707
+34635881739
+34635445522
+34635461315
+34635004272
+34635436479
+34635431058
+34635442685
+34635439761
+34635443516
+34635440472
+34635887241
+34635425537
+34635428485
+34635448583
+34635443642
+34635428019
+34635464284
+34635472261
+34635468463
+34635464098
+34635445469
+34635007819
+34635460143
+34635470574
+34635468265
+34635460530
+34635881568
+34635476028
+34635447180
+34635470950
+34635472191
+34635441349
+34635424186
+34635433859
+34635425733
+34635421790
+34635430215
+34635424385
+34635007997
+34635882109
+34635446274
+34635473650
+34635467425
+34635470877
+34635424930
+34635448133
+34635463593
+34635007864
+34635476804
+34635472501
+34635440801
+34635421210
+34635449463
+34635442589
+34635475061
+34635005664
+34635432997
+34635436053
+34635007483
+34635472142
+34635468850
+34635437269
+34635462842
+34635467194
+34635428472
+34635420653
+34635475928
+34635889567
+34635436098
+34635434547
+34635467238
+34635885259
+34635431665
+34635473087
+34635463546
+34635441922
+34635421351
+34635468699
+34635468197
+34635004128
+34635434421
+34635425120
+34635435177
+34635886298
+34635431998
+34635006891
+34635439869
+34635883746
+34635443625
+34635443806
+34635421320
+34635882535
+34635421840
+34635439431
+34635420665
+34635439533
+34635442068
+34635430197
+34635007785
+34635886404
+34635465904
+34635446078
+34635435668
+34635471753
+34635427710
+34635447073
+34635427258
+34635423771
+34635475231
+34635437269
+34635888670
+34635476991
+34635448080
+34635431896
+34635444507
+34635421084
+34635430031
+34635473280
+34635430690
+34635882483
+34635432404
+34635448603
+34635476288
+34635001031
+34635446753
+34635473157
+34635448864
+34635440558
+34635475824
+34635443524
+34635883306
+34635422076
+34635434731
+34635465144
+34635440870
+34635436472
+34635473970
+34635884643
+34635006755
+34635462567
+34635439416
+34635473317
+34635445453
+34635882542
+34635449647
+34635886072
+34635441095
+34635441854
+34635889561
+34635477175
+34635469146
+34635428741
+34635470154
+34635887081
+34635474201
+34635472308
+34635884455
+34635888647
+34635475730
+34635887440
+34635435431
+34635469057
+34635461315
+34635438724
+34635428413
+34635441901
+34635426907
+34635009307
+34635435708
+34635423807
+34635005096
+34635886328
+34635439738
+34635005033
+34635436924
+34635466020
+34635008936
+34635434532
+34635466106
+34635469052
+34635446986
+34635436648
+34635470728
+34635448139
+34635477312
+34635888173
+34635445679
+34635467103
+34635883249
+34635476290
+34635885706
+34635438270
+34635473877
+34635473296
+34635886951
+34635437633
+34635429716
+34635882585
+34635434578
+34635475469
+34635445173
+34635469042
+34635443144
+34635421508
+34635424130
+34635425403
+34635438636
+34635424595
+34635005910
+34635463700
+34635463902
+34635466437
+34635420075
+34635448973
+34635473906
+34635426444
+34635477903
+34635444386
+34635468643
+34635466894
+34635421484
+34635465795
+34635446382
+34635442236
+34635463637
+34635437149
+34635467288
+34635471903
+34635422654
+34635445760
+34635427181
+34635434235
+34635889212
+34635428860
+34635461539
+34635441997
+34635444113
+34635464035
+34635435159
+34635444892
+34635433896
+34635445260
+34635430826
+34635441246
+34635448872
+34635448854
+34635465750
+34635462896
+34635438602
+34635467506
+34635883420
+34635880568
+34635425420
+34635464435
+34635462818
+34635438079
+34635471489
+34635883856
+34635434671
+34635474906
+34635468604
+34635461482
+34635461782
+34635464019
+34635887821
+34635431128
+34635446155
+34635461256
+34635885240
+34635881889
+34635463524
+34635444419
+34635005409
+34635439716
+34635423893
+34635470625
+34635427817
+34635475257
+34635883218
+34635445621
+34635442036
+34635475806
+34635431645
+34635448731
+34635469730
+34635463670
+34635473075
+34635439438
+34635473172
+34635432900
+34635474025
+34635437136
+34635476204
+34635446474
+34635429272
+34635442625
+34635438839
+34635887873
+34635447875
+34635475245
+34635439371
+34635440218
+34635466150
+34635442883
+34635475659
+34635439416
+34635438176
+34635436973
+34635440654
+34635430283
+34635442068
+34635464510
+34635434670
+34635007246
+34635464991
+34635434484
+34635005346
+34635479364
+34635425227
+34635439433
+34635448337
+34635007059
+34635432949
+34635429413
+34635463935
+34635886826
+34635429628
+34635427436
+34635464502
+34635435140
+34635427937
+34635442265
+34635460407
+34635421485
+34635426744
+34635467318
+34635440819
+34635463359
+34635425906
+34635880686
+34635420911
+34635460703
+34635883415
+34635442853
+34635880442
+34635438082
+34635007682
+34635463525
+34635478971
+34635443690
+34635883457
+34635471101
+34635441454
+34635471955
+34635461502
+34635439231
+34635883626
+34635447547
+34635889970
+34635471568
+34635883075
+34635477294
+34635469045
+34635475519
+34635443551
+34635446231
+34635475087
+34635449285
+34635433308
+34635885147
+34635444907
+34635467293
+34635427393
+34635463672
+34635473259
+34695461670
+34695330713
+34695108796
+34695449804
+34695115136
+34695100032
+34695119496
+34695462351
+34695460331
+34695463765
+34695451098
+34695105120
+34695339628
+34695465852
+34695453134
+34695459173
+34695444710
+34695452997
+34695469174
+34695662978
+34695118289
+34695448764
+34695113728
+34695465079
+34695450765
+34695338948
+34695665851
+34695339597
+34695452283
+34695452735
+34695112787
+34695458987
+34695462606
+34695109803
+34695109103
+34695454676
+34695113072
+34695469133
+34695108597
+34695667192
+34695107160
+34695113394
+34695118184
+34695662467
+34695332706
+34695669802
+34695667159
+34695460402
+34695451591
+34695334651
+34695116691
+34695444753
+34695453119
+34695102676
+34695441075
+34695457451
+34695447685
+34695457633
+34695669612
+34695115352
+34695105138
+34695336715
+34695111690
+34695453870
+34695336084
+34695462116
+34695669514
+34695668924
+34695110782
+34695668554
+34695455639
+34695443467
+34695107606
+34695331810
+34695666485
+34695113632
+34695105171
+34695464803
+34695101241
+34695107287
+34695447421
+34695459446
+34695444503
+34695102847
+34695465467
+34695447636
+34695665453
+34695103792
+34695468635
+34695460823
+34695467066
+34695108232
+34695103254
+34695114572
+34695449273
+34695108251
+34695449738
+34695443021
+34695442925
+34695663235
+34695335687
+34695109961
+34695108009
+34695113953
+34695462815
+34695109369
+34695662403
+34695467074
+34695461776
+34695110701
+34695452580
+34695451726
+34695662685
+34695461529
+34695338512
+34695459112
+34695454179
+34695464864
+34695443129
+34695662637
+34695456409
+34695665256
+34695443649
+34695664688
+34695453729
+34695444183
+34695664909
+34695458745
+34695461667
+34695442514
+34695663428
+34695335509
+34695459561
+34695443862
+34695100072
+34695102347
+34695458282
+34695336781
+34695465973
+34695440960
+34695664709
+34695454507
+34695464338
+34695443177
+34695666074
+34695467854
+34695336887
+34695452339
+34695661526
+34695467696
+34695445254
+34695463686
+34695104023
+34695336131
+34695446193
+34695466688
+34695112377
+34695663055
+34695454346
+34695668134
+34695451745
+34695468431
+34695665322
+34695338541
+34695468654
+34695445929
+34695446053
+34695334812
+34695666717
+34695456565
+34695450984
+34695446106
+34695112100
+34695665063
+34695445073
+34695104599
+34695667642
+34695442982
+34695440871
+34695115639
+34695447693
+34695458649
+34695443448
+34695461445
+34695103511
+34695445133
+34695669003
+34695468354
+34695332015
+34695462946
+34695109052
+34695332461
+34695333593
+34695115880
+34695456178
+34695441292
+34695459533
+34695661963
+34695664771
+34695331776
+34695116907
+34695666506
+34695336202
+34695100267
+34695669202
+34695440795
+34695100270
+34695100319
+34695666438
+34695103902
+34695331028
+34695109549
+34695463723
+34695335194
+34695669292
+34695468035
+34695108105
+34695116582
+34695447780
+34695453756
+34695118138
+34695454820
+34695444153
+34695101663
+34695118430
+34695469761
+34695105306
+34695119175
+34695664492
+34695107392
+34695105326
+34695115702
+34695464592
+34695107250
+34695466244
+34695107124
+34695668323
+34695450525
+34695444746
+34695460422
+34695339920
+34695661775
+34695115341
+34695456081
+34695335683
+34695469358
+34695452379
+34695112693
+34695662066
+34695119739
+34695104071
+34695663456
+34695117766
+34695664203
+34695444236
+34695111890
+34695451591
+34695455536
+34695450134

+34622882586
+34622775209
+34622001631
+34622558963
+34622557064
+34622888174
+34622118629
+34622881474
+34622114843
+34622663840
+34622669855
+34622664934
+34622553140
+34622330968
+34622331987
+34622331598
+34622003977
+34622114502
+34622887340
+34622667172
+34622001653
+34622005090
+34622339536
+34622005951
+34622773729
+34622774626
+34622885570
+34622338298
+34622118717
+34622776680
+34622660254
+34622888482
+34622008807
+34622776341
+34622005881
+34622332969
+34622337416
+34622666082
+34622333581
+34622557382
+34622886825
+34622331736
+34622553847
+34622002186
+34622114021
+34622771290
+34622662331
+34622009168
+34622331602
+34622888196
+34622881980
+34622003483
+34622556236
+34622558210
+34622553228
+34622000525
+34622665493
+34622118314
+34622330711
+34622118798
+34622660739
+34622111268
+34622771433
+34622778184
+34622330201
+34622000678
+34622886718
+34622771023
+34622778908
+34622116826
+34622557709
+34622882540
+34622115962
+34622113818
+34622555107
+34622665732
+34622883996
+34622884984
+34622771213
+34622550890
+34622660877
+34622775367
+34622882410
+34622553985
+34622113629
+34622009458
+34622000813
+34622552798
+34622007546
+34622117682
+34622330926
+34622551315
+34622335242
+34622664709
+34622332031
+34622559541
+34622112357
+34622668732
+34622000673
+34622661924
+34622338383
+34622002450
+34622554122
+34622333966
+34622114612
+34622336107
+34622114010
+34622110405
+34622884644
+34622004557
+34622779875
+34622554382
+34622005900
+34622556082
+34622885036
+34622001671
+34622888935
+34622775543
+34622775754
+34622001991
+34622554142
+34622335134
+34622661245
+34622775378
+34622114500
+34622112157
+34622000418
+34622777481
+34622331506
+34622660247
+34622885654
+34622779845
+34622004730
+34622770493
+34622333061
+34622666197
+34622006251
+34622665585
+34622119588
+34622006243
+34622331224
+34622775573
+34622663007
+34622668528
+34622006238
+34622667592
+34622663638
+34622110174
+34622771909
+34622550760
+34622888910
+34622558485
+34622552468
+34622557580
+34622330395
+34622667923
+34622660710
+34622772746
+34622110147
+34622664648
+34622112496
+34622115928
+34622335496
+34622114915
+34622555640
+34622110531
+34622332197
+34622779660
+34622007269
+34622008992
+34622005602
+34622887653
+34622005662
+34622337525
+34622773971
+34622117036
+34622330553
+34622117198
+34622668204
+34622334108
+34622332878
+34622886576
+34622334840
+34622553949
+34622337312
+34622778722
+34622887899
+34622883993
+34622114053
+34622774393
+34622557995
+34622119818
+34622883001
+34622557853
+34622665078
+34622118334
+34622000992
+34622009367
+34622110647
+34622118119
+34622335301
+34622669034
+34622778590
+34622007886
+34622888345
+34622110454
+34622668404
+34622777554
+34622009850
+34622004060
+34622882412
+34622880331
+34622008929
+34622332386
+34622338158
+34622118174
+34622009128
+34622557984
+34622335938
+34622337452
+34622778413
+34622776028
+34622881075
+34622666365
+34622881476
+34622550953
+34622331911
+34622335649
+34622119157
+34622117485
+34622772939
+34622113702
+34622000815
+34622551009
+34622338372
+34622778836
+34622666401
+34622331525
+34622881820
+34622557796
+34622339981
+34622776943
+34622007004
+34622331092
+34622888939
+34622005126
+34622006002
+34622116003
+34622338630
+34622116388
+34622770783
+34622883914
+34622001791
+34622332657
+34622775168
+34622009646
+34622000363
+34622331511
+34622774207
+34622770762
+34622882254
+34622112117
+34622000219
+34622553098
+34622331228
+34622338514
+34622007198
+34622771285
+34622110925
+34622114559
+34622004383
+34622771750
+34622119846
+34622774715
+34622006018
+34622112568
+34622886053
+34622777945
+34622666457
+34622334486
+34622115296
+34622119656
+34622000225
+34622112151
+34622662655
+34622001986
+34622337615
+34622116697
+34622771263
+34622119341
+34622775436
+34622116324
+34622557667
+34622006702
+34622664407
+34622772256
+34622007348
+34622111563
+34622555143
+34622777170
+34622887160
+34622118661
+34622000210
+34622551825
+34622771653
+34622119625
+34622332837
+34622776186
+34622114426
+34622664187
+34622118608
+34622776279
+34622337418
+34622663318
+34622776436
+34622777586
+34622002499
+34622119808
+34622778211
+34622007524
+34622665031
+34622110952
+34622333560
+34622774703
+34622880859
+34622666554
+34622776321
+34622114072
+34622880211
+34622117229
+34622335490
+34622005481
+34622115724
+34622001897
+34622881718
+34622113427
+34622337197
+34622559144
+34622889518
+34622336128
+34622116241
+34622338347
+34622668302
+34622668110
+34622660775
+34622888939
+34622111876
+34622886210
+34622002165
+34622114003
+34622663710
+34622779863
+34622338207
+34622881427
+34622883805
+34622669204
+34622331483
+34622558601
+34622775359
+34622339691
+34622888389
+34622667192
+34622662590
+34622555750
+34622115468
+34622884633
+34622882251
+34622113657
+34622334011
+34622662395
+34622772588
+34622110642
+34622881172
+34622007614
+34622115893
+34622115808
+34622337999
+34622889166
+34622332435
+34622330178
+34622338680
+34622880876
+34622881694
+34622337446
+34622774125
+34622775628
+34622883135
+34622115062
+34622770625
+34622770375
+34622883010
+34622775935
+34622551995
+34622665189
+34622338055
+34622885284
+34622009499
+34622112725
+34622667752
+34622112835
+34622004358
+34622115260
+34622772939
+34622112957
+34622557300
+34622331215
+34622333080
+34622886394
+34622004708
+34622114341
+34622883417
+34622557550
+34622112043
+34622886010
+34622007572
+34622116561
+34622557666
+34622330265
+34622335089
+34622009756
+34622669007
+34622005846
+34622555945
+34622114470
+34622552483
+34622331724
+34622664844
+34622660943
+34622665437
+34622009640
+34622665915
+34622554739
+34622117998
+34622771521
+34622770048
+34622551235
+34622889255
+34622110372
+34622335136
+34622770417
+34622669531
+34622774250
+34622889753
+34622112072
+34622551993
+34622881356
+34622662412
+34622661209
+34622886192
+34622776687
+34622771575
+34622779875
+34622112142
+34622774030
+34622330597
+34622558749
+34622779853
+34622668110
+34622339774
+34622770651
+34622339808
+34622887899
+34622664262
+34622008628
+34622006453
+34622661442
+34622661254
+34622773286
+34622001705
+34622000328
+34622884094
+34622664791
+34622886109
+34622117956
+34622551660
+34622666518
+34622774299
+34622338046
+34622889653
+34622777586
+34622551742
+34622779761
+34622880313
+34622778445
+34622005729
+34622550713
+34622115077
+34622119082
+34622332563
+34622553911
+34622559050
+34622771564
+34622664538
+34622334835
+34622889305
+34622334306
+34622666292
+34622558687
+34622002343
+34622004573
+34622669435
+34622881306
+34622331175
+34622770184
+34622885443
+34622555163
+34622004451
+34622884875
+34622661452
+34622339814
+34622770834
+34622554963
+34622551802
+34622008632
+34622111637
+34622114914
+34622004862
+34622008191
+34622339387
+34622553868
+34622661785
+34622668994
+34622779728
+34622113853
+34622336324
+34622334706
+34622338255
+34622550619
+34622330831
+34622661470
+34622000821
+34622008657
+34622119892
+34622774413
+34622006378
+34622778357
+34622110273
+34622669219
+34622777220
+34622007103
+34622002934
+34622778591
+34622116650
+34622004803
+34622554548
+34622334183
+34622669248
+34622334793
+34622117289
+34622334615
+34622004769
+34622880141
+34622117516
+34622003246
+34622006603
+34622111048
+34622119761
+34622770941
+34622110593
+34622661084
+34622005219
+34622331955
+34622555956
+34622335424

+34676005274
+34673000371
+34600548872
+34600543274
+34676009679
+34607861390
+34600986316
+34607863658
+34600542398
+34607861792
+34676002342
+34600541803
+34600989491
+34607861206
+34672008217
+34676007253
+34676007024
+34672006942
+34600540201
+34600541040
+34672008413
+34600989092
+34676002634
+34671006651
+34600544465
+34676000075
+34600988157
+34676006043
+34676009215
+34600981435
+34600543154
+34672004057
+34676007039
+34600547337
+34672006786
+34607862458
+34600981618
+34672005009
+34600540335
+34600541066
+34673002345
+34600988067
+34676002987
+34607860475
+34600988489
+34673006020
+34673001668
+34600980295
+34676008342
+34600548542
+34600542871
+34676007968
+34673005254
+34600548597
+34600547504
+34676004860
+34600542501
+34676001271
+34600548609
+34607862374
+34600543186
+34676002934
+34673001390
+34673007790
+34671000247
+34676002715
+34676007370
+34600540968
+34676000415
+34671002351
+34600541358
+34672001705
+34676002482
+34672006902
+34607867597
+34600548972
+34676006336
+34676002903
+34600543954
+34600983627
+34676009814
+34607869044
+34676007368
+34600542967
+34600546507
+34600542514
+34600547621
+34607867752
+34676004236
+34600544501
+34672000257
+34671000263
+34676009594
+34607865950
+34607861852
+34673004762
+34676005962
+34676001961
+34673008219
+34600982668
+34671004545
+34600544589
+34600542470
+34600981306
+34676001780
+34673003508
+34676001625
+34600546917
+34607866885
+34673001352
+34676000297
+34600548683
+34600989282
+34607863318
+34600549075
+34607866656
+34600541094
+34600545388
+34600543921
+34607863961
+34676008589
+34607869661
+34600545302
+34607863288
+34676001072
+34676002803
+34672002665
+34672004760
+34600984074
+34671008659
+34600541223
+34676005502
+34600984894
+34676009162
+34600985308
+34673001723
+34600547459
+34673005650
+34676008004
+34671003431
+34607866061
+34676007403
+34607860696
+34676002058
+34607860917
+34673000057
+34600989956
+34600541309
+34676004641
+34676009545
+34671000649
+34672006801
+34607869474
+34600546890
+34676006807
+34671007438
+34600548117
+34676007327
+34600541803
+34672000371
+34676005263
+34600985264
+34607860979
+34673004390
+34607867840
+34600540304
+34600545624
+34672004964
+34600546927
+34607863562
+34607860137
+34676001286
+34676000350
+34676005702
+34673008141
+34600548972
+34607860932
+34676009208
+34672001988
+34676003008
+34607861569
+34600545956
+34600989054
+34607866579
+34673005461
+34607861390
+34600983242
+34600982440
+34676009326
+34676002753
+34673008369
+34600542462
+34676001824
+34600984278
+34600984728
+34676007506
+34676004537
+34607868589
+34672008973
+34671007768
+34600982093
+34600980425
+34607862235
+34600540036
+34600549696
+34672002819
+34676005522
+34676006460
+34676005175
+34672006158
+34676008984
+34672000564
+34671009598
+34676005354
+34676001738
+34673000671
+34600989209
+34672006593
+34600548416
+34676009880
+34676007029
+34676000851
+34607869740
+34676005682
+34607865996
+34607860874
+34600541281
+34672009914
+34600546036
+34607863056
+34673009464
+34671007768
+34600988268

+34607646980
+34607648163
+34649595675
+34639005369
+34603423007
+34649592763
+34639003838
+34607646662
+34607642406
+34676344015
+34676346192
+34603423540
+34634326983
+34603428469
+34603427985
+34649591032
+34639005411
+34688762030
+34649596903
+34649594408
+34676342293
+34603423128
+34649593975
+34676345829
+34676342043
+34603421376
+34676341461
+34639006419
+34639003788
+34607640592
+34676349016
+34649590648
+34634322627
+34649598416
+34603424589
+34639007998
+34649595376
+34649596827
+34688763128
+34639004616
+34639008960
+34676345114
+34688766810
+34603423773
+34603421376
+34676345827
+34676340553
+34607649650
+34639007280
+34639004033
+34688766553
+34688766825
+34688766194
+34639001805
+34639003517
+34649599252
+34607645894
+34639001719
+34688767099
+34649596139
+34639001073
+34607640154
+34634321955
+34676349557
+34639001329
+34649597749
+34649596132
+34676345127
+34634327957
+34649590226
+34676348091
+34676340773
+34639003816
+34676342035
+34607643516
+34607647508
+34634325658
+34607640750
+34639009817
+34676347083
+34649590337
+34639008764
+34676349687
+34649593811
+34603429612
+34676348039
+34649593809
+34603424276
+34634326214
+34603424831
+34603421915
+34603423212
+34603421914
+34603427285
+34649594408
+34634322866
+34634326439
+34649590917
+34639008495
+34639002075
+34639005293
+34649595940
+34688768662
+34676349138
+34688761573
+34639000195
+34634324697
+34634321648
+34676340455
+34676341530
+34649590713
+34639004255
+34634320568
+34649599582
+34603428558
+34649594684
+34649595624
+34639002397
+34676340817
+34603427068
+34639003846
+34688769205
+34634322428
+34639005416
+34607649552
+34639003571
+34676349780
+34603429387
+34676349160
+34607646649
+34639003715
+34676343016
+34639001018
+34634322101
+34649592703
+34603427066
+34649599700
+34639002380
+34639008019
+34607642585
+34603424202
+34688761921
+34649597596
+34649592776
+34649595099
+34634321836
+34688769426
+34603424159
+34649593505
+34649599312
+34634325566
+34639002411
+34639008930
+34607643211
+34676348959
+34639002675
+34649593019
+34649598944
+34649596747
+34676344015
+34603424261
+34607647652
+34607648763
+34634328685
+34649597332
+34607641290
+34649592416
+34639007213
+34639008251
+34603429853
+34649597712
+34607640490
+34649591058
+34603424881
+34676346422
+34634323293
+34607641082
+34639002491
+34603429243
+34676343484
+34688764293
+34607641351
+34607648512
+34676342712
+34688769725
+34634329685
+34603421470
+34634326898
+34603428355
+34607644036
+34607642576
+34676341482
+34688762720
+34607644365
+34639005874
+34603427273
+34688762821
+34649592408
+34607640817
+34639005978
+34634322661
+34649590713
+34607647450
+34676345043
+34688760592
+34603422012
+34603429413
+34649591868
+34676340942
+34649593947
+34649593415
+34634326993
+34607648289
+34649590661
+34676341730
+34603422592
+34688763694
+34649591652
+34649593005
+34649598416
+34649592979
+34607649607
+34603424926
+34676345706
+34603429047
+34649595800
+34649596295
+34639000947
+34603425371
+34607649246
+34676345039
+34603421339
+34676340513
+34603421483
+34607640943
+34634326647
+34676348827
+34607648370
+34639009618
+34603425609
+34649590067
+34676349167
+34676347845
+34634320892
+34607643794
+34607640458
+34639009517
+34676340143
+34688764658
+34649594180
+34688762473
+34634322179
+34607649465
+34607646423
+34603427766
+34639006496
+34688760987
+34603422655
+34649591952
+34688769103
+34634327052
+34676341572
+34607648213
+34607645315
+34649596315
+34603428952
+34639007707
+34676340406
+34634322214
+34639007987
+34603420697
+34639000933
+34607641853
+34603429695
+34639006712
+34639008854
+34688760566
+34607645446
+34634323827
+34688768006
+34639001735
+34603428777
+34603426587
+34676346785
+34603420412
+34603423530
+34603428268
+34639004636
+34634327034
+34676349389
+34649594091
+34639004574
+34639005710
+34649591601
+34634327762
+34639002907
+34634328225
+34607640038
+34603422355
+34607641804
+34607647808
+34649590402
+34676346281
+34649599983
+34676349474
+34603425187
+34639000916
+34607640158
+34676346526
+34676348825
+34688766891
+34607640915
+34603428056
+34639009864
+34603421350
+34649594318
+34634328614
+34634323951
+34676342774
+34607644403
+34639009383
+34607641828

+34619386200
+34615674010
+34600988609
+34619322046
+34619389491
+34619382897
+34665782025
+34619321900
+34619381249
+34665783935
+34619649469
+34600988420
+34665781790
+34619387571
+34615676116
+34618769067
+34619640342
+34619322947
+34619328589
+34665788872
+34619327352
+34615672890
+34600989041
+34665784955
+34619382985
+34619388433
+34615677438
+34619328797
+34619384061
+34615676477
+34665781669
+34600984472
+34619387228
+34619321096
+34665781344
+34619648307
+34600981193
+34665782567
+34619641220
+34615677253
+34619389162
+34619648295
+34619384920
+34600988317
+34665789237
+34615677687
+34618761357
+34665789072
+34665784174
+34665787257
+34665786609
+34615676477
+34665780953
+34615675682
+34665786798
+34615674922
+34618764176
+34619327756
+34615671900
+34615671079
+34619642961
+34619643815
+34619642885
+34619322046
+34619641401
+34619646328
+34618767741
+34619329726
+34615672246
+34619329796
+34600986965
+34665782448
+34619644380
+34619385025
+34619328782
+34619647021
+34615678806
+34600986728
+34618769531
+34665788707
+34619320249
+34619386291
+34619380457
+34665789622
+34619646937
+34619389766
+34619322202
+34665781263
+34619386924
+34619323079
+34615677149
+34619645285
+34618768643
+34615671032
+34600986459
+34619323980
+34619327036
+34618764619
+34618762334
+34619324617
+34615673550
+34619647628
+34665782980
+34665783865
+34615672560
+34600980112
+34618767199
+34665788549
+34619321547
+34619389467
+34618769518
+34619326736
+34600982012
+34665780568
+34619325008
+34665780171
+34600986381
+34619386831
+34665789158
+34615675134
+34619385039
+34618763582
+34615679434
+34619647839
+34615674138
+34619649062
+34665783907
+34665788552
+34600981420
+34619328398
+34618769832
+34619382426
+34618763182
+34619320082
+34619385166
+34619321164
+34615672182
+34615676393
+34619647788
+34615677690
+34619645261
+34615672860
+34665787350
+34619386515
+34619324103
+34600987676
+34615673482
+34615677360
+34600983576
+34619386513
+34619388301
+34618768235
+34615674793
+34665786741
+34619384186
+34665788581
+34619380193
+34619386375
+34619325632
+34600988055
+34619328216
+34619642675
+34619326862
+34619383877
+34619388376
+34615676053
+34665782544
+34615678357
+34619323034
+34615672304
+34619381687
+34618763251
+34619380311
+34618764153
+34619387941
+34619380411
+34619644393
+34619383985
+34619328728
+34600988491
+34615671959
+34615672936
+34665786421
+34619320372
+34619383188
+34619645851
+34619647971
+34619381926
+34618761268
+34665788019
+34618767022
+34619382316
+34615677126
+34615679796
+34619323887
+34665789053
+34619381084
+34618760983
+34615679679
+34619384783
+34619382795
+34619328872
+34618769580
+34665789544
+34619382785
+34618764686
+34665781349
+34619389172
+34619324897
+34619329154
+34619640830
+34619322161
+34619329204
+34618763251
+34619326733
+34619644635
+34619383587
+34619320799
+34619323831
+34619385296
+34619326483
+34619389418
+34619386992
+34618769702
+34619320789
+34600983154
+34665788825
+34619641699
+34615673492
+34665780836
+34615672685
+34619320919
+34619645381
+34619649142
+34619385312
+34665789930
+34600981780
+34600986339
+34615679641
+34619388402
+34619386751
+34615674419
+34619382469
+34619649363
+34619642801
+34619643608
+34665782381
+34619329718
+34619324406
+34619328903
+34615674835
+34619384575
+34619321379
+34665783335
+34665784425
+34619328475
+34619385126
+34619321425
+34665787904
+34615675869
+34665780471
+34619328802
+34619323113
+34619321467
+34618760271
+34619380287
+34615675860
+34665780498
+34619387024
+34619642447
+34619324224
+34615678607
+34619383940
+34619389067
+34600985701
+34619322556
+34618763408
+34600989238
+34665784197
+34619388554
+34619380398
+34619320754
+34619642913
+34615672148
+34619645256
+34665786826
+34619645021
+34619649105
+34619644050
+34619648970
+34615676968
+34619385415
+34615677650
+34619321668
+34619646151
+34615672043
+34665789363
+34618769135
+34619383119
+34619321547
+34665788520
+34619323420
+34619321540
+34615671080
+34619647815
+34619386239
+34619384138
+34615671038
+34665783873
+34619387527
+34615679251
+34619388894
+34615673655
+34615673865
+34619645078
+34619387128
+34619385839
+34665781663
+34618761547
+34665785468
+34619329403
+34619323066

+34611440311
+34609879476
+34609877230
+34609879931
+34611447343
+34676543906
+34609877256
+34611444961
+34633207345
+34611448868
+34609874762
+34611444196
+34633205857
+34676544993
+34656892785
+34609877533
+34698651472
+34633202483
+34656894172
+34656898603
+34698655644
+34609878321
+34609878037
+34698655243
+34609874398
+34633207469
+34633201135
+34633204354
+34656890368
+34611440922
+34633200142
+34633209686
+34633209581
+34609870477
+34633205661
+34609876481
+34676548576
+34611440604
+34611446290
+34656898764
+34676543296
+34611447242
+34656898073
+34676545105
+34633204938
+34609874760
+34633203714
+34698658267
+34633207356
+34633208930
+34633201190
+34633208157
+34633209925
+34609879026
+34611444069
+34656897808
+34656895996
+34698651201
+34633209623
+34611448445
+34609876210
+34633204324
+34609870538
+34609875902
+34611447043
+34611445221
+34656899514
+34633202199
+34633209773
+34611448386
+34656890605
+34633201093
+34609872139
+34698653467
+34609872614
+34698659344
+34611444197
+34676545301
+34676548936
+34698653257
+34676549033
+34609878370
+34633209389
+34656892076
+34611446290
+34633200629
+34676549140
+34609870156
+34656899891
+34611443837
+34656896654
+34611443873
+34611446590
+34633203198
+34656897943
+34676542581
+34633207247
+34611446705
+34676547374
+34611443076
+34676540815
+34656899282
+34676548645
+34676547891
+34656892105
+34676540313
+34656892785
+34676544193
+34611447849
+34611446913
+34698659344
+34698652895
+34676542004
+34609878446
+34656893078
+34656894936
+34656897108
+34656896258
+34676546968
+34609870843
+34656890839
+34676542941
+34656896413
+34656897663
+34609872160
+34676544746
+34611445109
+34609871064
+34611443307
+34656898189
+34609873178
+34611448203
+34609879506
+34656890918
+34611443225
+34698652092
+34698653361
+34656893721
+34633202296
+34676540566
+34611446824
+34633202349
+34633201323
+34656894682
+34609871030
+34609878039
+34656893934
+34656890750
+34656894537
+34633208873
+34656897640
+34633206371
+34676542452
+34611440528
+34676541430
+34611441468
+34611443280
+34609875634
+34656897812
+34656896283
+34656893743
+34611446705
+34676540182
+34676547270
+34609876298
+34698656818
+34656899858
+34611441670
+34698658432
+34676548069
+34609873160
+34698657442
+34633203816
+34676545103
+34633204466
+34698650163
+34609873630
+34633201060
+34609873692
+34676541696
+34676540607
+34656899619
+34633202985
+34676547199
+34633208150
+34676547835
+34633200865
+34633201180
+34676544772
+34611441900
+34676546919
+34633200548
+34633206846
+34633203967
+34656896194
+34698655029
+34611446715
+34611447455
+34611443304
+34609874931
+34633201641
+34633207716
+34611444881
+34676542690
+34656891782
+34611445140
+34698651479
+34609875818
+34611445457
+34656892626
+34633200107
+34633206701
+34611441521
+34611444283
+34611447626
+34611441472
+34633209314
+34676546752
+34609876830
+34609870783
+34633203809
+34609873160
+34611447232
+34656895318
+34633209813
+34633204237
+34611443471
+34676547237
+34609875411
+34611447413
+34609874140
+34611441504
+34656893427
+34676545062
+34698652976
+34633200310
+34633200396
+34656899332
+34611448164
+34633206657
+34676541736
+34633204152
+34611442192
+34633208083
+34656898557
+34611447094
+34633203443
+34656898089
+34656895527
+34609877487
+34611445277
+34611443630
+34609871439
+34611440151
+34633207672
+34611442510
+34676548422
+34611449485
+34656894205
+34609870216
+34656896177
+34676545835
+34609871063
+34611449001
+34676547416
+34609871892
+34633208293
+34609872697
+34609873971
+34633205904
+34633205974
+34656895035
+34609879008
+34609875094
+34611444675
+34609875698
+34611441950
+34611440623
+34609870315
+34609871288
+34609877711
+34633200897
+34633209922
+34609875064
+34611449933
+34633207178
+34698650431
